damage 18 hitpoints: 10288 Effective power: 185184 Initiative: 18
damage 46 hitpoints: 9613 Effective power: 442198 Initiative: 19
damage 21 hitpoints: 6022 Effective power: 126462 Initiative: 4
damage 159 hitpoints: 9928 Effective power: 1578552 Initiative: 14
damage 392 hitpoints: 9756 Effective power: 3824352 Initiative: 17
damage 1161 hitpoints: 9798 Effective power: 11375478 Initiative: 9
damage 66 hitpoints: 46709 Effective power: 3082794 Initiative: 16
damage 12 hitpoints: 43373 Effective power: 520476 Initiative: 7
damage 378 hitpoints: 8810 Effective power: 3330180 Initiative: 3
damage 481 hitpoints: 42669 Effective power: 20523789 Initiative: 13
damage 28 hitpoints: 5199 Effective power: 145572 Initiative: 15
damage 40 hitpoints: 6584 Effective power: 263360 Initiative: 6
damage 24 hitpoints: 35467 Effective power: 851208 Initiative: 1
damage 11 hitpoints: 41829 Effective power: 460119 Initiative: 20
damage 7 hitpoints: 33066 Effective power: 231462 Initiative: 12
damage 13 hitpoints: 30426 Effective power: 395538 Initiative: 8
damage 120 hitpoints: 25050 Effective power: 3006000 Initiative: 2
damage 7 hitpoints: 28081 Effective power: 196567 Initiative: 11
damage 117 hitpoints: 3683 Effective power: 430911 Initiative: 5
damage 12 hitpoints: 15378 Effective power: 184536 Initiative: 10

attacker damage: 11 hitpoints: 41829 units: 5844 defender damage: 18 units: 9826 initiative: 18
attacker damage: 46 hitpoints: 9613 units: 2417 defender damage: 24 units: 2816 initiative: 1
attacker damage: 18 hitpoints: 10288 units: 9814 defender damage: 12 units: 6941 initiative: 7
attacker damage: 392 hitpoints: 9756 units: 255 defender damage: 7 units: 5526 initiative: 11
attacker damage: 66 hitpoints: 46709 units: 1379 defender damage: 159 units: 643 initiative: 14
attacker damage: 28 hitpoints: 5199 units: 2758 defender damage: 12 units: 1766 initiative: 10
attacker damage: 159 hitpoints: 9928 units: 625 defender damage: 120 units: 370 initiative: 2
attacker damage: 481 hitpoints: 42669 units: 164 defender damage: 28 units: 2758 initiative: 15
attacker damage: 7 hitpoints: 33066 units: 7691 defender damage: 21 units: 4943 initiative: 4
attacker damage: 7 hitpoints: 28081 units: 5519 defender damage: 378 units: 219 initiative: 3
attacker damage: 12 hitpoints: 15378 units: 1756 defender damage: 1161 units: 84 initiative: 9
attacker damage: 1161 hitpoints: 9798 units: 82 defender damage: 66 units: 1379 initiative: 16
attacker damage: 13 hitpoints: 30426 units: 3956 defender damage: 392 units: 255 initiative: 17
attacker damage: 12 hitpoints: 43373 units: 6933 defender damage: 46 units: 2417 initiative: 19
attacker damage: 40 hitpoints: 6584 units: 1724 defender damage: 11 units: 5844 initiative: 20
attacker damage: 117 hitpoints: 3683 units: 305 defender damage: 13 units: 3956 initiative: 8
attacker damage: 21 hitpoints: 6022 units: 4935 defender damage: 7 units: 7691 initiative: 12
attacker damage: 378 hitpoints: 8810 units: 215 defender damage: 481 units: 164 initiative: 13
attacker damage: 120 hitpoints: 25050 units: 363 defender damage: 40 units: 1724 initiative: 6
attacker damage: 24 hitpoints: 35467 units: 2810 defender damage: 117 units: 305 initiative: 5
----------------------------------
damage 18 hitpoints: 10288 Effective power: 185184 Initiative: 18
damage 46 hitpoints: 9613 Effective power: 442198 Initiative: 19
damage 21 hitpoints: 6022 Effective power: 126462 Initiative: 4
damage 159 hitpoints: 9928 Effective power: 1578552 Initiative: 14
damage 392 hitpoints: 9756 Effective power: 3824352 Initiative: 17
damage 1161 hitpoints: 9798 Effective power: 11375478 Initiative: 9
damage 66 hitpoints: 46709 Effective power: 3082794 Initiative: 16
damage 12 hitpoints: 43373 Effective power: 520476 Initiative: 7
damage 378 hitpoints: 8810 Effective power: 3330180 Initiative: 3
damage 481 hitpoints: 42669 Effective power: 20523789 Initiative: 13
damage 28 hitpoints: 5199 Effective power: 145572 Initiative: 15
damage 40 hitpoints: 6584 Effective power: 263360 Initiative: 6
damage 24 hitpoints: 35467 Effective power: 851208 Initiative: 1
damage 11 hitpoints: 41829 Effective power: 460119 Initiative: 20
damage 7 hitpoints: 33066 Effective power: 231462 Initiative: 12
damage 13 hitpoints: 30426 Effective power: 395538 Initiative: 8
damage 120 hitpoints: 25050 Effective power: 3006000 Initiative: 2
damage 7 hitpoints: 28081 Effective power: 196567 Initiative: 11
damage 117 hitpoints: 3683 Effective power: 430911 Initiative: 5
damage 12 hitpoints: 15378 Effective power: 184536 Initiative: 10

attacker damage: 11 hitpoints: 41829 units: 5843 defender damage: 18 units: 9814 initiative: 18
attacker damage: 46 hitpoints: 9613 units: 2400 defender damage: 24 units: 2810 initiative: 1
attacker damage: 18 hitpoints: 10288 units: 9802 defender damage: 12 units: 6933 initiative: 7
attacker damage: 392 hitpoints: 9756 units: 245 defender damage: 7 units: 5519 initiative: 11
attacker damage: 66 hitpoints: 46709 units: 1377 defender damage: 159 units: 625 initiative: 14
attacker damage: 28 hitpoints: 5199 units: 2728 defender damage: 12 units: 1756 initiative: 10
attacker damage: 159 hitpoints: 9928 units: 607 defender damage: 120 units: 363 initiative: 2
attacker damage: 481 hitpoints: 42669 units: 163 defender damage: 28 units: 2728 initiative: 15
attacker damage: 7 hitpoints: 33066 units: 7685 defender damage: 21 units: 4935 initiative: 4
attacker damage: 7 hitpoints: 28081 units: 5513 defender damage: 378 units: 215 initiative: 3
attacker damage: 12 hitpoints: 15378 units: 1747 defender damage: 1161 units: 82 initiative: 9
attacker damage: 1161 hitpoints: 9798 units: 80 defender damage: 66 units: 1377 initiative: 16
attacker damage: 13 hitpoints: 30426 units: 3955 defender damage: 392 units: 245 initiative: 17
attacker damage: 12 hitpoints: 43373 units: 6925 defender damage: 46 units: 2400 initiative: 19
attacker damage: 40 hitpoints: 6584 units: 1711 defender damage: 11 units: 5843 initiative: 20
attacker damage: 117 hitpoints: 3683 units: 269 defender damage: 13 units: 3955 initiative: 8
attacker damage: 21 hitpoints: 6022 units: 4927 defender damage: 7 units: 7685 initiative: 12
attacker damage: 378 hitpoints: 8810 units: 211 defender damage: 481 units: 163 initiative: 13
attacker damage: 120 hitpoints: 25050 units: 356 defender damage: 40 units: 1711 initiative: 6
attacker damage: 24 hitpoints: 35467 units: 2804 defender damage: 117 units: 269 initiative: 5
----------------------------------
damage 18 hitpoints: 10288 Effective power: 185184 Initiative: 18
damage 46 hitpoints: 9613 Effective power: 442198 Initiative: 19
damage 21 hitpoints: 6022 Effective power: 126462 Initiative: 4
damage 159 hitpoints: 9928 Effective power: 1578552 Initiative: 14
damage 1161 hitpoints: 9798 Effective power: 11375478 Initiative: 9
damage 392 hitpoints: 9756 Effective power: 3824352 Initiative: 17
damage 66 hitpoints: 46709 Effective power: 3082794 Initiative: 16
damage 12 hitpoints: 43373 Effective power: 520476 Initiative: 7
damage 378 hitpoints: 8810 Effective power: 3330180 Initiative: 3
damage 481 hitpoints: 42669 Effective power: 20523789 Initiative: 13
damage 28 hitpoints: 5199 Effective power: 145572 Initiative: 15
damage 40 hitpoints: 6584 Effective power: 263360 Initiative: 6
damage 24 hitpoints: 35467 Effective power: 851208 Initiative: 1
damage 11 hitpoints: 41829 Effective power: 460119 Initiative: 20
damage 7 hitpoints: 33066 Effective power: 231462 Initiative: 12
damage 13 hitpoints: 30426 Effective power: 395538 Initiative: 8
damage 120 hitpoints: 25050 Effective power: 3006000 Initiative: 2
damage 7 hitpoints: 28081 Effective power: 196567 Initiative: 11
damage 117 hitpoints: 3683 Effective power: 430911 Initiative: 5
damage 12 hitpoints: 15378 Effective power: 184536 Initiative: 10

attacker damage: 11 hitpoints: 41829 units: 5842 defender damage: 18 units: 9802 initiative: 18
attacker damage: 46 hitpoints: 9613 units: 2383 defender damage: 24 units: 2804 initiative: 1
attacker damage: 18 hitpoints: 10288 units: 9790 defender damage: 12 units: 6925 initiative: 7
attacker damage: 392 hitpoints: 9756 units: 235 defender damage: 66 units: 1376 initiative: 16
attacker damage: 66 hitpoints: 46709 units: 1375 defender damage: 159 units: 607 initiative: 14
attacker damage: 28 hitpoints: 5199 units: 2698 defender damage: 12 units: 1747 initiative: 10
attacker damage: 159 hitpoints: 9928 units: 589 defender damage: 120 units: 356 initiative: 2
attacker damage: 481 hitpoints: 42669 units: 162 defender damage: 28 units: 2698 initiative: 15
attacker damage: 7 hitpoints: 33066 units: 7679 defender damage: 21 units: 4927 initiative: 4
attacker damage: 7 hitpoints: 28081 units: 5513 defender damage: 378 units: 211 initiative: 3
attacker damage: 12 hitpoints: 15378 units: 1738 defender damage: 1161 units: 80 initiative: 9
attacker damage: 1161 hitpoints: 9798 units: 78 defender damage: 7 units: 5513 initiative: 11
attacker damage: 13 hitpoints: 30426 units: 3954 defender damage: 392 units: 235 initiative: 17
attacker damage: 12 hitpoints: 43373 units: 6917 defender damage: 46 units: 2383 initiative: 19
attacker damage: 40 hitpoints: 6584 units: 1699 defender damage: 11 units: 5842 initiative: 20
attacker damage: 117 hitpoints: 3683 units: 233 defender damage: 13 units: 3954 initiative: 8
attacker damage: 21 hitpoints: 6022 units: 4919 defender damage: 7 units: 7679 initiative: 12
attacker damage: 378 hitpoints: 8810 units: 207 defender damage: 481 units: 162 initiative: 13
attacker damage: 120 hitpoints: 25050 units: 349 defender damage: 40 units: 1699 initiative: 6
attacker damage: 24 hitpoints: 35467 units: 2798 defender damage: 117 units: 233 initiative: 5
----------------------------------
damage 18 hitpoints: 10288 Effective power: 185184 Initiative: 18
damage 46 hitpoints: 9613 Effective power: 442198 Initiative: 19
damage 21 hitpoints: 6022 Effective power: 126462 Initiative: 4
damage 159 hitpoints: 9928 Effective power: 1578552 Initiative: 14
damage 66 hitpoints: 46709 Effective power: 3082794 Initiative: 16
damage 1161 hitpoints: 9798 Effective power: 11375478 Initiative: 9
damage 392 hitpoints: 9756 Effective power: 3824352 Initiative: 17
damage 12 hitpoints: 43373 Effective power: 520476 Initiative: 7
damage 378 hitpoints: 8810 Effective power: 3330180 Initiative: 3
damage 481 hitpoints: 42669 Effective power: 20523789 Initiative: 13
damage 28 hitpoints: 5199 Effective power: 145572 Initiative: 15
damage 40 hitpoints: 6584 Effective power: 263360 Initiative: 6
damage 24 hitpoints: 35467 Effective power: 851208 Initiative: 1
damage 11 hitpoints: 41829 Effective power: 460119 Initiative: 20
damage 7 hitpoints: 33066 Effective power: 231462 Initiative: 12
damage 13 hitpoints: 30426 Effective power: 395538 Initiative: 8
damage 120 hitpoints: 25050 Effective power: 3006000 Initiative: 2
damage 7 hitpoints: 28081 Effective power: 196567 Initiative: 11
damage 117 hitpoints: 3683 Effective power: 430911 Initiative: 5
damage 12 hitpoints: 15378 Effective power: 184536 Initiative: 10

attacker damage: 11 hitpoints: 41829 units: 5841 defender damage: 18 units: 9790 initiative: 18
attacker damage: 46 hitpoints: 9613 units: 2366 defender damage: 24 units: 2798 initiative: 1
attacker damage: 18 hitpoints: 10288 units: 9778 defender damage: 12 units: 6917 initiative: 7
attacker damage: 392 hitpoints: 9756 units: 225 defender damage: 66 units: 1375 initiative: 16
attacker damage: 66 hitpoints: 46709 units: 1374 defender damage: 159 units: 589 initiative: 14
attacker damage: 28 hitpoints: 5199 units: 2669 defender damage: 12 units: 1738 initiative: 10
attacker damage: 159 hitpoints: 9928 units: 571 defender damage: 120 units: 349 initiative: 2
attacker damage: 481 hitpoints: 42669 units: 161 defender damage: 28 units: 2669 initiative: 15
attacker damage: 7 hitpoints: 33066 units: 7673 defender damage: 21 units: 4919 initiative: 4
attacker damage: 7 hitpoints: 28081 units: 5507 defender damage: 378 units: 207 initiative: 3
attacker damage: 12 hitpoints: 15378 units: 1729 defender damage: 1161 units: 78 initiative: 9
attacker damage: 1161 hitpoints: 9798 units: 76 defender damage: 7 units: 5507 initiative: 11
attacker damage: 13 hitpoints: 30426 units: 3954 defender damage: 392 units: 225 initiative: 17
attacker damage: 12 hitpoints: 43373 units: 6909 defender damage: 46 units: 2366 initiative: 19
attacker damage: 40 hitpoints: 6584 units: 1687 defender damage: 11 units: 5841 initiative: 20
attacker damage: 117 hitpoints: 3683 units: 197 defender damage: 13 units: 3954 initiative: 8
attacker damage: 21 hitpoints: 6022 units: 4911 defender damage: 7 units: 7673 initiative: 12
attacker damage: 378 hitpoints: 8810 units: 203 defender damage: 481 units: 161 initiative: 13
attacker damage: 120 hitpoints: 25050 units: 342 defender damage: 40 units: 1687 initiative: 6
attacker damage: 24 hitpoints: 35467 units: 2792 defender damage: 117 units: 197 initiative: 5
----------------------------------
damage 18 hitpoints: 10288 Effective power: 185184 Initiative: 18
damage 46 hitpoints: 9613 Effective power: 442198 Initiative: 19
damage 21 hitpoints: 6022 Effective power: 126462 Initiative: 4
damage 159 hitpoints: 9928 Effective power: 1578552 Initiative: 14
damage 66 hitpoints: 46709 Effective power: 3082794 Initiative: 16
damage 1161 hitpoints: 9798 Effective power: 11375478 Initiative: 9
damage 392 hitpoints: 9756 Effective power: 3824352 Initiative: 17
damage 12 hitpoints: 43373 Effective power: 520476 Initiative: 7
damage 481 hitpoints: 42669 Effective power: 20523789 Initiative: 13
damage 378 hitpoints: 8810 Effective power: 3330180 Initiative: 3
damage 28 hitpoints: 5199 Effective power: 145572 Initiative: 15
damage 24 hitpoints: 35467 Effective power: 851208 Initiative: 1
damage 40 hitpoints: 6584 Effective power: 263360 Initiative: 6
damage 11 hitpoints: 41829 Effective power: 460119 Initiative: 20
damage 7 hitpoints: 33066 Effective power: 231462 Initiative: 12
damage 13 hitpoints: 30426 Effective power: 395538 Initiative: 8
damage 120 hitpoints: 25050 Effective power: 3006000 Initiative: 2
damage 7 hitpoints: 28081 Effective power: 196567 Initiative: 11
damage 12 hitpoints: 15378 Effective power: 184536 Initiative: 10
damage 117 hitpoints: 3683 Effective power: 430911 Initiative: 5

attacker damage: 11 hitpoints: 41829 units: 5840 defender damage: 18 units: 9778 initiative: 18
attacker damage: 46 hitpoints: 9613 units: 2349 defender damage: 24 units: 2792 initiative: 1
attacker damage: 18 hitpoints: 10288 units: 9766 defender damage: 12 units: 6909 initiative: 7
attacker damage: 392 hitpoints: 9756 units: 215 defender damage: 66 units: 1374 initiative: 16
attacker damage: 66 hitpoints: 46709 units: 1373 defender damage: 159 units: 571 initiative: 14
attacker damage: 28 hitpoints: 5199 units: 2640 defender damage: 12 units: 1729 initiative: 10
attacker damage: 159 hitpoints: 9928 units: 553 defender damage: 120 units: 342 initiative: 2
attacker damage: 481 hitpoints: 42669 units: 160 defender damage: 28 units: 2640 initiative: 15
attacker damage: 7 hitpoints: 33066 units: 7667 defender damage: 21 units: 4911 initiative: 4
attacker damage: 7 hitpoints: 28081 units: 5501 defender damage: 378 units: 203 initiative: 3
attacker damage: 12 hitpoints: 15378 units: 1720 defender damage: 1161 units: 76 initiative: 9
attacker damage: 1161 hitpoints: 9798 units: 74 defender damage: 7 units: 5501 initiative: 11
attacker damage: 13 hitpoints: 30426 units: 3954 defender damage: 392 units: 215 initiative: 17
attacker damage: 12 hitpoints: 43373 units: 6901 defender damage: 46 units: 2349 initiative: 19
attacker damage: 40 hitpoints: 6584 units: 1675 defender damage: 11 units: 5840 initiative: 20
attacker damage: 117 hitpoints: 3683 units: 161 defender damage: 13 units: 3954 initiative: 8
attacker damage: 21 hitpoints: 6022 units: 4903 defender damage: 7 units: 7667 initiative: 12
attacker damage: 378 hitpoints: 8810 units: 199 defender damage: 481 units: 160 initiative: 13
attacker damage: 120 hitpoints: 25050 units: 335 defender damage: 40 units: 1675 initiative: 6
attacker damage: 24 hitpoints: 35467 units: 2786 defender damage: 117 units: 161 initiative: 5
----------------------------------
damage 18 hitpoints: 10288 Effective power: 185184 Initiative: 18
damage 46 hitpoints: 9613 Effective power: 442198 Initiative: 19
damage 21 hitpoints: 6022 Effective power: 126462 Initiative: 4
damage 66 hitpoints: 46709 Effective power: 3082794 Initiative: 16
damage 159 hitpoints: 9928 Effective power: 1578552 Initiative: 14
damage 1161 hitpoints: 9798 Effective power: 11375478 Initiative: 9
damage 12 hitpoints: 43373 Effective power: 520476 Initiative: 7
damage 392 hitpoints: 9756 Effective power: 3824352 Initiative: 17
damage 481 hitpoints: 42669 Effective power: 20523789 Initiative: 13
damage 378 hitpoints: 8810 Effective power: 3330180 Initiative: 3
damage 28 hitpoints: 5199 Effective power: 145572 Initiative: 15
damage 24 hitpoints: 35467 Effective power: 851208 Initiative: 1
damage 40 hitpoints: 6584 Effective power: 263360 Initiative: 6
damage 11 hitpoints: 41829 Effective power: 460119 Initiative: 20
damage 7 hitpoints: 33066 Effective power: 231462 Initiative: 12
damage 13 hitpoints: 30426 Effective power: 395538 Initiative: 8
damage 120 hitpoints: 25050 Effective power: 3006000 Initiative: 2
damage 7 hitpoints: 28081 Effective power: 196567 Initiative: 11
damage 12 hitpoints: 15378 Effective power: 184536 Initiative: 10
damage 117 hitpoints: 3683 Effective power: 430911 Initiative: 5

attacker damage: 11 hitpoints: 41829 units: 5839 defender damage: 18 units: 9766 initiative: 18
attacker damage: 46 hitpoints: 9613 units: 2332 defender damage: 24 units: 2786 initiative: 1
attacker damage: 18 hitpoints: 10288 units: 9754 defender damage: 12 units: 6901 initiative: 7
attacker damage: 392 hitpoints: 9756 units: 205 defender damage: 66 units: 1373 initiative: 16
attacker damage: 66 hitpoints: 46709 units: 1372 defender damage: 159 units: 553 initiative: 14
attacker damage: 28 hitpoints: 5199 units: 2611 defender damage: 12 units: 1720 initiative: 10
attacker damage: 159 hitpoints: 9928 units: 535 defender damage: 120 units: 335 initiative: 2
attacker damage: 481 hitpoints: 42669 units: 159 defender damage: 28 units: 2611 initiative: 15
attacker damage: 7 hitpoints: 33066 units: 7661 defender damage: 21 units: 4903 initiative: 4
attacker damage: 7 hitpoints: 28081 units: 5495 defender damage: 378 units: 199 initiative: 3
attacker damage: 12 hitpoints: 15378 units: 1711 defender damage: 1161 units: 74 initiative: 9
attacker damage: 1161 hitpoints: 9798 units: 72 defender damage: 7 units: 5495 initiative: 11
attacker damage: 13 hitpoints: 30426 units: 3954 defender damage: 392 units: 205 initiative: 17
attacker damage: 12 hitpoints: 43373 units: 6893 defender damage: 46 units: 2332 initiative: 19
attacker damage: 40 hitpoints: 6584 units: 1663 defender damage: 11 units: 5839 initiative: 20
attacker damage: 117 hitpoints: 3683 units: 125 defender damage: 13 units: 3954 initiative: 8
attacker damage: 21 hitpoints: 6022 units: 4895 defender damage: 7 units: 7661 initiative: 12
attacker damage: 378 hitpoints: 8810 units: 195 defender damage: 481 units: 159 initiative: 13
attacker damage: 120 hitpoints: 25050 units: 329 defender damage: 40 units: 1663 initiative: 6
attacker damage: 24 hitpoints: 35467 units: 2780 defender damage: 117 units: 125 initiative: 5
----------------------------------
damage 18 hitpoints: 10288 Effective power: 185184 Initiative: 18
damage 46 hitpoints: 9613 Effective power: 442198 Initiative: 19
damage 21 hitpoints: 6022 Effective power: 126462 Initiative: 4
damage 66 hitpoints: 46709 Effective power: 3082794 Initiative: 16
damage 159 hitpoints: 9928 Effective power: 1578552 Initiative: 14
damage 1161 hitpoints: 9798 Effective power: 11375478 Initiative: 9
damage 12 hitpoints: 43373 Effective power: 520476 Initiative: 7
damage 392 hitpoints: 9756 Effective power: 3824352 Initiative: 17
damage 481 hitpoints: 42669 Effective power: 20523789 Initiative: 13
damage 378 hitpoints: 8810 Effective power: 3330180 Initiative: 3
damage 28 hitpoints: 5199 Effective power: 145572 Initiative: 15
damage 24 hitpoints: 35467 Effective power: 851208 Initiative: 1
damage 40 hitpoints: 6584 Effective power: 263360 Initiative: 6
damage 11 hitpoints: 41829 Effective power: 460119 Initiative: 20
damage 7 hitpoints: 33066 Effective power: 231462 Initiative: 12
damage 13 hitpoints: 30426 Effective power: 395538 Initiative: 8
damage 120 hitpoints: 25050 Effective power: 3006000 Initiative: 2
damage 7 hitpoints: 28081 Effective power: 196567 Initiative: 11
damage 12 hitpoints: 15378 Effective power: 184536 Initiative: 10
damage 117 hitpoints: 3683 Effective power: 430911 Initiative: 5

attacker damage: 11 hitpoints: 41829 units: 5838 defender damage: 18 units: 9754 initiative: 18
attacker damage: 46 hitpoints: 9613 units: 2315 defender damage: 24 units: 2780 initiative: 1
attacker damage: 18 hitpoints: 10288 units: 9742 defender damage: 12 units: 6893 initiative: 7
attacker damage: 392 hitpoints: 9756 units: 195 defender damage: 66 units: 1372 initiative: 16
attacker damage: 66 hitpoints: 46709 units: 1371 defender damage: 159 units: 535 initiative: 14
attacker damage: 28 hitpoints: 5199 units: 2582 defender damage: 12 units: 1711 initiative: 10
attacker damage: 159 hitpoints: 9928 units: 517 defender damage: 120 units: 329 initiative: 2
attacker damage: 481 hitpoints: 42669 units: 158 defender damage: 28 units: 2582 initiative: 15
attacker damage: 7 hitpoints: 33066 units: 7655 defender damage: 21 units: 4895 initiative: 4
attacker damage: 7 hitpoints: 28081 units: 5490 defender damage: 378 units: 195 initiative: 3
attacker damage: 12 hitpoints: 15378 units: 1702 defender damage: 1161 units: 72 initiative: 9
attacker damage: 1161 hitpoints: 9798 units: 70 defender damage: 7 units: 5490 initiative: 11
attacker damage: 13 hitpoints: 30426 units: 3954 defender damage: 392 units: 195 initiative: 17
attacker damage: 12 hitpoints: 43373 units: 6885 defender damage: 46 units: 2315 initiative: 19
attacker damage: 40 hitpoints: 6584 units: 1652 defender damage: 11 units: 5838 initiative: 20
attacker damage: 117 hitpoints: 3683 units: 89 defender damage: 13 units: 3954 initiative: 8
attacker damage: 21 hitpoints: 6022 units: 4887 defender damage: 7 units: 7655 initiative: 12
attacker damage: 378 hitpoints: 8810 units: 191 defender damage: 481 units: 158 initiative: 13
attacker damage: 120 hitpoints: 25050 units: 323 defender damage: 40 units: 1652 initiative: 6
attacker damage: 24 hitpoints: 35467 units: 2774 defender damage: 117 units: 89 initiative: 5
----------------------------------
damage 18 hitpoints: 10288 Effective power: 185184 Initiative: 18
damage 46 hitpoints: 9613 Effective power: 442198 Initiative: 19
damage 21 hitpoints: 6022 Effective power: 126462 Initiative: 4
damage 66 hitpoints: 46709 Effective power: 3082794 Initiative: 16
damage 12 hitpoints: 43373 Effective power: 520476 Initiative: 7
damage 159 hitpoints: 9928 Effective power: 1578552 Initiative: 14
damage 1161 hitpoints: 9798 Effective power: 11375478 Initiative: 9
damage 481 hitpoints: 42669 Effective power: 20523789 Initiative: 13
damage 392 hitpoints: 9756 Effective power: 3824352 Initiative: 17
damage 378 hitpoints: 8810 Effective power: 3330180 Initiative: 3
damage 28 hitpoints: 5199 Effective power: 145572 Initiative: 15
damage 24 hitpoints: 35467 Effective power: 851208 Initiative: 1
damage 40 hitpoints: 6584 Effective power: 263360 Initiative: 6
damage 11 hitpoints: 41829 Effective power: 460119 Initiative: 20
damage 7 hitpoints: 33066 Effective power: 231462 Initiative: 12
damage 13 hitpoints: 30426 Effective power: 395538 Initiative: 8
damage 120 hitpoints: 25050 Effective power: 3006000 Initiative: 2
damage 7 hitpoints: 28081 Effective power: 196567 Initiative: 11
damage 12 hitpoints: 15378 Effective power: 184536 Initiative: 10
damage 117 hitpoints: 3683 Effective power: 430911 Initiative: 5

attacker damage: 11 hitpoints: 41829 units: 5837 defender damage: 18 units: 9742 initiative: 18
attacker damage: 46 hitpoints: 9613 units: 2298 defender damage: 24 units: 2774 initiative: 1
attacker damage: 18 hitpoints: 10288 units: 9730 defender damage: 12 units: 6885 initiative: 7
attacker damage: 392 hitpoints: 9756 units: 185 defender damage: 66 units: 1371 initiative: 16
attacker damage: 66 hitpoints: 46709 units: 1370 defender damage: 159 units: 517 initiative: 14
attacker damage: 28 hitpoints: 5199 units: 2553 defender damage: 12 units: 1702 initiative: 10
attacker damage: 159 hitpoints: 9928 units: 499 defender damage: 120 units: 323 initiative: 2
attacker damage: 481 hitpoints: 42669 units: 157 defender damage: 28 units: 2553 initiative: 15
attacker damage: 7 hitpoints: 33066 units: 7649 defender damage: 21 units: 4887 initiative: 4
attacker damage: 7 hitpoints: 28081 units: 5485 defender damage: 378 units: 191 initiative: 3
attacker damage: 12 hitpoints: 15378 units: 1693 defender damage: 1161 units: 70 initiative: 9
attacker damage: 1161 hitpoints: 9798 units: 68 defender damage: 7 units: 5485 initiative: 11
attacker damage: 13 hitpoints: 30426 units: 3954 defender damage: 392 units: 185 initiative: 17
attacker damage: 12 hitpoints: 43373 units: 6877 defender damage: 46 units: 2298 initiative: 19
attacker damage: 40 hitpoints: 6584 units: 1641 defender damage: 11 units: 5837 initiative: 20
attacker damage: 117 hitpoints: 3683 units: 53 defender damage: 13 units: 3954 initiative: 8
attacker damage: 21 hitpoints: 6022 units: 4879 defender damage: 7 units: 7649 initiative: 12
attacker damage: 378 hitpoints: 8810 units: 187 defender damage: 481 units: 157 initiative: 13
attacker damage: 120 hitpoints: 25050 units: 317 defender damage: 40 units: 1641 initiative: 6
attacker damage: 24 hitpoints: 35467 units: 2769 defender damage: 117 units: 53 initiative: 5
----------------------------------
damage 18 hitpoints: 10288 Effective power: 185184 Initiative: 18
damage 46 hitpoints: 9613 Effective power: 442198 Initiative: 19
damage 21 hitpoints: 6022 Effective power: 126462 Initiative: 4
damage 66 hitpoints: 46709 Effective power: 3082794 Initiative: 16
damage 12 hitpoints: 43373 Effective power: 520476 Initiative: 7
damage 159 hitpoints: 9928 Effective power: 1578552 Initiative: 14
damage 1161 hitpoints: 9798 Effective power: 11375478 Initiative: 9
damage 481 hitpoints: 42669 Effective power: 20523789 Initiative: 13
damage 378 hitpoints: 8810 Effective power: 3330180 Initiative: 3
damage 28 hitpoints: 5199 Effective power: 145572 Initiative: 15
damage 392 hitpoints: 9756 Effective power: 3824352 Initiative: 17
damage 24 hitpoints: 35467 Effective power: 851208 Initiative: 1
damage 40 hitpoints: 6584 Effective power: 263360 Initiative: 6
damage 11 hitpoints: 41829 Effective power: 460119 Initiative: 20
damage 7 hitpoints: 33066 Effective power: 231462 Initiative: 12
damage 13 hitpoints: 30426 Effective power: 395538 Initiative: 8
damage 7 hitpoints: 28081 Effective power: 196567 Initiative: 11
damage 120 hitpoints: 25050 Effective power: 3006000 Initiative: 2
damage 12 hitpoints: 15378 Effective power: 184536 Initiative: 10
damage 117 hitpoints: 3683 Effective power: 430911 Initiative: 5

attacker damage: 11 hitpoints: 41829 units: 5836 defender damage: 18 units: 9730 initiative: 18
attacker damage: 46 hitpoints: 9613 units: 2281 defender damage: 24 units: 2769 initiative: 1
attacker damage: 18 hitpoints: 10288 units: 9718 defender damage: 12 units: 6877 initiative: 7
attacker damage: 392 hitpoints: 9756 units: 175 defender damage: 481 units: 156 initiative: 13
attacker damage: 66 hitpoints: 46709 units: 1370 defender damage: 159 units: 499 initiative: 14
attacker damage: 28 hitpoints: 5199 units: 2524 defender damage: 12 units: 1693 initiative: 10
attacker damage: 159 hitpoints: 9928 units: 481 defender damage: 7 units: 5480 initiative: 11
attacker damage: 481 hitpoints: 42669 units: 155 defender damage: 28 units: 2524 initiative: 15
attacker damage: 7 hitpoints: 33066 units: 7643 defender damage: 21 units: 4879 initiative: 4
attacker damage: 7 hitpoints: 28081 units: 5475 defender damage: 378 units: 187 initiative: 3
attacker damage: 12 hitpoints: 15378 units: 1684 defender damage: 1161 units: 68 initiative: 9
attacker damage: 1161 hitpoints: 9798 units: 66 defender damage: 120 units: 317 initiative: 2
attacker damage: 13 hitpoints: 30426 units: 3954 defender damage: 392 units: 175 initiative: 17
attacker damage: 12 hitpoints: 43373 units: 6869 defender damage: 46 units: 2281 initiative: 19
attacker damage: 40 hitpoints: 6584 units: 1630 defender damage: 11 units: 5836 initiative: 20
attacker damage: 117 hitpoints: 3683 units: 17 defender damage: 13 units: 3954 initiative: 8
attacker damage: 21 hitpoints: 6022 units: 4871 defender damage: 7 units: 7643 initiative: 12
attacker damage: 378 hitpoints: 8810 units: 183 defender damage: 66 units: 1370 initiative: 16
attacker damage: 120 hitpoints: 25050 units: 311 defender damage: 40 units: 1630 initiative: 6
attacker damage: 24 hitpoints: 35467 units: 2764 defender damage: 117 units: 17 initiative: 5
----------------------------------
damage 18 hitpoints: 10288 Effective power: 185184 Initiative: 18
damage 46 hitpoints: 9613 Effective power: 442198 Initiative: 19
damage 21 hitpoints: 6022 Effective power: 126462 Initiative: 4
damage 66 hitpoints: 46709 Effective power: 3082794 Initiative: 16
damage 12 hitpoints: 43373 Effective power: 520476 Initiative: 7
damage 1161 hitpoints: 9798 Effective power: 11375478 Initiative: 9
damage 159 hitpoints: 9928 Effective power: 1578552 Initiative: 14
damage 481 hitpoints: 42669 Effective power: 20523789 Initiative: 13
damage 28 hitpoints: 5199 Effective power: 145572 Initiative: 15
damage 378 hitpoints: 8810 Effective power: 3330180 Initiative: 3
damage 24 hitpoints: 35467 Effective power: 851208 Initiative: 1
damage 40 hitpoints: 6584 Effective power: 263360 Initiative: 6
damage 392 hitpoints: 9756 Effective power: 3824352 Initiative: 17
damage 11 hitpoints: 41829 Effective power: 460119 Initiative: 20
damage 7 hitpoints: 33066 Effective power: 231462 Initiative: 12
damage 13 hitpoints: 30426 Effective power: 395538 Initiative: 8
damage 7 hitpoints: 28081 Effective power: 196567 Initiative: 11
damage 120 hitpoints: 25050 Effective power: 3006000 Initiative: 2
damage 12 hitpoints: 15378 Effective power: 184536 Initiative: 10

attacker damage: 11 hitpoints: 41829 units: 5835 defender damage: 21 units: 4871 initiative: 4
attacker damage: 46 hitpoints: 9613 units: 2264 defender damage: 24 units: 2764 initiative: 1
attacker damage: 18 hitpoints: 10288 units: 9718 defender damage: 12 units: 6869 initiative: 7
attacker damage: 392 hitpoints: 9756 units: 165 defender damage: 11 units: 5835 initiative: 20
attacker damage: 66 hitpoints: 46709 units: 1369 defender damage: 159 units: 481 initiative: 14
attacker damage: 28 hitpoints: 5199 units: 2496 defender damage: 12 units: 1684 initiative: 10
attacker damage: 159 hitpoints: 9928 units: 463 defender damage: 120 units: 311 initiative: 2
attacker damage: 481 hitpoints: 42669 units: 155 defender damage: 28 units: 2496 initiative: 15
attacker damage: 7 hitpoints: 33066 units: 7637 defender damage: 1161 units: 66 initiative: 9
attacker damage: 7 hitpoints: 28081 units: 5475 defender damage: 378 units: 183 initiative: 3
attacker damage: 1161 hitpoints: 9798 units: 61 defender damage: 7 units: 5475 initiative: 11
attacker damage: 13 hitpoints: 30426 units: 3954 defender damage: 392 units: 165 initiative: 17
attacker damage: 12 hitpoints: 43373 units: 6861 defender damage: 46 units: 2264 initiative: 19
attacker damage: 40 hitpoints: 6584 units: 1619 defender damage: 481 units: 155 initiative: 13
attacker damage: 21 hitpoints: 6022 units: 4850 defender damage: 7 units: 7637 initiative: 12
attacker damage: 378 hitpoints: 8810 units: 179 defender damage: 66 units: 1369 initiative: 16
attacker damage: 120 hitpoints: 25050 units: 306 defender damage: 40 units: 1619 initiative: 6
attacker damage: 24 hitpoints: 35467 units: 2759 defender damage: 18 units: 9718 initiative: 18
----------------------------------
damage 18 hitpoints: 10288 Effective power: 185184 Initiative: 18
damage 46 hitpoints: 9613 Effective power: 442198 Initiative: 19
damage 21 hitpoints: 6022 Effective power: 126462 Initiative: 4
damage 66 hitpoints: 46709 Effective power: 3082794 Initiative: 16
damage 12 hitpoints: 43373 Effective power: 520476 Initiative: 7
damage 481 hitpoints: 42669 Effective power: 20523789 Initiative: 13
damage 159 hitpoints: 9928 Effective power: 1578552 Initiative: 14
damage 1161 hitpoints: 9798 Effective power: 11375478 Initiative: 9
damage 28 hitpoints: 5199 Effective power: 145572 Initiative: 15
damage 378 hitpoints: 8810 Effective power: 3330180 Initiative: 3
damage 24 hitpoints: 35467 Effective power: 851208 Initiative: 1
damage 40 hitpoints: 6584 Effective power: 263360 Initiative: 6
damage 11 hitpoints: 41829 Effective power: 460119 Initiative: 20
damage 392 hitpoints: 9756 Effective power: 3824352 Initiative: 17
damage 7 hitpoints: 33066 Effective power: 231462 Initiative: 12
damage 13 hitpoints: 30426 Effective power: 395538 Initiative: 8
damage 7 hitpoints: 28081 Effective power: 196567 Initiative: 11
damage 120 hitpoints: 25050 Effective power: 3006000 Initiative: 2
damage 12 hitpoints: 15378 Effective power: 184536 Initiative: 10

attacker damage: 11 hitpoints: 41829 units: 5834 defender damage: 21 units: 4850 initiative: 4
attacker damage: 46 hitpoints: 9613 units: 2247 defender damage: 24 units: 2759 initiative: 1
attacker damage: 18 hitpoints: 10288 units: 9712 defender damage: 12 units: 6861 initiative: 7
attacker damage: 392 hitpoints: 9756 units: 155 defender damage: 11 units: 5834 initiative: 20
attacker damage: 66 hitpoints: 46709 units: 1368 defender damage: 159 units: 463 initiative: 14
attacker damage: 28 hitpoints: 5199 units: 2468 defender damage: 12 units: 1675 initiative: 10
attacker damage: 159 hitpoints: 9928 units: 445 defender damage: 7 units: 5470 initiative: 11
attacker damage: 481 hitpoints: 42669 units: 154 defender damage: 28 units: 2468 initiative: 15
attacker damage: 7 hitpoints: 33066 units: 7631 defender damage: 1161 units: 61 initiative: 9
attacker damage: 7 hitpoints: 28081 units: 5465 defender damage: 378 units: 179 initiative: 3
attacker damage: 1161 hitpoints: 9798 units: 56 defender damage: 120 units: 306 initiative: 2
attacker damage: 13 hitpoints: 30426 units: 3954 defender damage: 392 units: 155 initiative: 17
attacker damage: 12 hitpoints: 43373 units: 6853 defender damage: 46 units: 2247 initiative: 19
attacker damage: 40 hitpoints: 6584 units: 1608 defender damage: 481 units: 154 initiative: 13
attacker damage: 21 hitpoints: 6022 units: 4829 defender damage: 7 units: 7631 initiative: 12
attacker damage: 378 hitpoints: 8810 units: 175 defender damage: 66 units: 1368 initiative: 16
attacker damage: 120 hitpoints: 25050 units: 301 defender damage: 40 units: 1608 initiative: 6
attacker damage: 24 hitpoints: 35467 units: 2754 defender damage: 18 units: 9712 initiative: 18
----------------------------------
damage 18 hitpoints: 10288 Effective power: 185184 Initiative: 18
damage 46 hitpoints: 9613 Effective power: 442198 Initiative: 19
damage 21 hitpoints: 6022 Effective power: 126462 Initiative: 4
damage 66 hitpoints: 46709 Effective power: 3082794 Initiative: 16
damage 12 hitpoints: 43373 Effective power: 520476 Initiative: 7
damage 481 hitpoints: 42669 Effective power: 20523789 Initiative: 13
damage 159 hitpoints: 9928 Effective power: 1578552 Initiative: 14
damage 28 hitpoints: 5199 Effective power: 145572 Initiative: 15
damage 378 hitpoints: 8810 Effective power: 3330180 Initiative: 3
damage 24 hitpoints: 35467 Effective power: 851208 Initiative: 1
damage 1161 hitpoints: 9798 Effective power: 11375478 Initiative: 9
damage 11 hitpoints: 41829 Effective power: 460119 Initiative: 20
damage 40 hitpoints: 6584 Effective power: 263360 Initiative: 6
damage 392 hitpoints: 9756 Effective power: 3824352 Initiative: 17
damage 7 hitpoints: 33066 Effective power: 231462 Initiative: 12
damage 13 hitpoints: 30426 Effective power: 395538 Initiative: 8
damage 7 hitpoints: 28081 Effective power: 196567 Initiative: 11
damage 120 hitpoints: 25050 Effective power: 3006000 Initiative: 2
damage 12 hitpoints: 15378 Effective power: 184536 Initiative: 10

attacker damage: 11 hitpoints: 41829 units: 5833 defender damage: 21 units: 4829 initiative: 4
attacker damage: 46 hitpoints: 9613 units: 2230 defender damage: 24 units: 2754 initiative: 1
attacker damage: 18 hitpoints: 10288 units: 9706 defender damage: 12 units: 6853 initiative: 7
attacker damage: 392 hitpoints: 9756 units: 145 defender damage: 11 units: 5833 initiative: 20
attacker damage: 66 hitpoints: 46709 units: 1367 defender damage: 159 units: 445 initiative: 14
attacker damage: 28 hitpoints: 5199 units: 2440 defender damage: 12 units: 1667 initiative: 10
attacker damage: 159 hitpoints: 9928 units: 427 defender damage: 7 units: 5465 initiative: 11
attacker damage: 481 hitpoints: 42669 units: 153 defender damage: 28 units: 2440 initiative: 15
attacker damage: 7 hitpoints: 33066 units: 7625 defender damage: 378 units: 175 initiative: 3
attacker damage: 7 hitpoints: 28081 units: 5461 defender damage: 40 units: 1598 initiative: 6
attacker damage: 1161 hitpoints: 9798 units: 56 defender damage: 120 units: 301 initiative: 2
attacker damage: 13 hitpoints: 30426 units: 3954 defender damage: 392 units: 145 initiative: 17
attacker damage: 12 hitpoints: 43373 units: 6845 defender damage: 46 units: 2230 initiative: 19
attacker damage: 40 hitpoints: 6584 units: 1593 defender damage: 481 units: 153 initiative: 13
attacker damage: 21 hitpoints: 6022 units: 4808 defender damage: 7 units: 7625 initiative: 12
attacker damage: 378 hitpoints: 8810 units: 169 defender damage: 66 units: 1367 initiative: 16
attacker damage: 120 hitpoints: 25050 units: 296 defender damage: 1161 units: 56 initiative: 9
attacker damage: 24 hitpoints: 35467 units: 2749 defender damage: 18 units: 9706 initiative: 18
----------------------------------
damage 18 hitpoints: 10288 Effective power: 185184 Initiative: 18
damage 46 hitpoints: 9613 Effective power: 442198 Initiative: 19
damage 21 hitpoints: 6022 Effective power: 126462 Initiative: 4
damage 66 hitpoints: 46709 Effective power: 3082794 Initiative: 16
damage 12 hitpoints: 43373 Effective power: 520476 Initiative: 7
damage 481 hitpoints: 42669 Effective power: 20523789 Initiative: 13
damage 159 hitpoints: 9928 Effective power: 1578552 Initiative: 14
damage 28 hitpoints: 5199 Effective power: 145572 Initiative: 15
damage 24 hitpoints: 35467 Effective power: 851208 Initiative: 1
damage 11 hitpoints: 41829 Effective power: 460119 Initiative: 20
damage 378 hitpoints: 8810 Effective power: 3330180 Initiative: 3
damage 40 hitpoints: 6584 Effective power: 263360 Initiative: 6
damage 1161 hitpoints: 9798 Effective power: 11375478 Initiative: 9
damage 7 hitpoints: 33066 Effective power: 231462 Initiative: 12
damage 392 hitpoints: 9756 Effective power: 3824352 Initiative: 17
damage 13 hitpoints: 30426 Effective power: 395538 Initiative: 8
damage 7 hitpoints: 28081 Effective power: 196567 Initiative: 11
damage 120 hitpoints: 25050 Effective power: 3006000 Initiative: 2
damage 12 hitpoints: 15378 Effective power: 184536 Initiative: 10

attacker damage: 11 hitpoints: 41829 units: 5832 defender damage: 21 units: 4808 initiative: 4
attacker damage: 46 hitpoints: 9613 units: 2213 defender damage: 24 units: 2749 initiative: 1
attacker damage: 18 hitpoints: 10288 units: 9700 defender damage: 12 units: 6845 initiative: 7
attacker damage: 392 hitpoints: 9756 units: 135 defender damage: 11 units: 5832 initiative: 20
attacker damage: 66 hitpoints: 46709 units: 1366 defender damage: 159 units: 427 initiative: 14
